119926
120040
120037
123048
123048
123049
154588
165390
156156
165048
119685
123049
123286
831155
154421
154529
157357
155886
157382
145782
148606
147824
137071
135900
128603
122759
128064
123048
155987
156002
154601
154605
154600
154533
136400
132054
143989
133062
168439
130987
184881
157571
154570
157477
155986
156104
184747
154451
155921
154531
156157
153388
147829
137232
137482
129890
136209
145786
137177
157445
136952
127239
154455
154418
140399
140470
138116
155976
154417
157574
147554
157575
137755
148608
161424
137397
148080
121656
137177
157569
147210
128246
123048
137177
157582
141957
137177
154624
137569
133417
177677
157444
134178
874958
155983
157623
155893
839760
126657
179495
136396
157421
136145
124194
137177
154621
136398
141207
133064
164647
155973
137177
141961
137177
134262
182861
145563
154568
957218
134178
959383
136397
134177
155920
58346
137177
132057
157482
136207
147483
137177
129709
1142004
154450
132759
144016
183037
182862
132794
157482
131051
130556
153359
157482
144013
146049
150391
121820
137177
157482
150391
136955
145976
133066
130615
156084
160672
133037
131889
132865
157482
132865
157482
150391
149093
157482
146049
394185
154528
154663
157482
959637
154567
144013
138452
137177
154575
141142
141142
150391
150391
131888
150391
157482
150391
150391
150391
150391
157482
150391
132278
132278
129709
129709
150391
150391
150391
150391
132758
150391
157607
150391
132278
157482
132056
157482
121820
132867
156092
149580
156138
156138
156084
156092
157482
147504
147504
147504
136208
163916
163916
163916
163916
156084
148109
156084
140476
149487
156084
154569
135811
135675
